3650
3594
2112
2601
232
2764
3803
2205
3977
1107
1068
849
2377
1078
2212
2444
1517
550
2399
3258
3048
3582
379
3411
218
2684
682
2461
1285
3578
85
3584
575
2711
1130
109
1180
3681
1211
824
1127
1050
3732
1058
598
1387
2999
261
3775
1656
803
1601
1028
826
2462
704
3924
2346
3697
1524
1105
272
353
3646
181
1320
269
3784
11
2371
2901
3700
531
3774
3501
3688
2616
2282
336
1883
2217
2388
2173
3161
2416
2960
1484
3757
3343
387
638
413
3381
3149
1731
696
3138
3186
1988
2717
3042
2195
1563
601
2115
2927
122
1699
1330
3289
1325
2308
428
2633
37
2444
2188
2700
1151
343
2928
571
3274
985
437
3560
1890
3986
3854
1243
1026
881
2575
273
764
777
3306
226
3875
829
734
2975
2764
1073
1179
1818
3650
3278
3966
2918
2127
2226
98
3494
2750
3439
1619
43
1756
3986
312
1653
3695
2308
2461
771
1851
106
280
3347
699
3919
509
820
1457
1861
214
550
3013
3332
2627
1893
485
616
2659
824
3934
5
3534
2005
1443
255
1320
1273
751
1299
2782
1939
1982
1267
